A = [1, 1, 1, -1; 4, 4, 1, 1; 1, -1, -1, 2; 2, 1, 2, -2]
B = [2;11;0;2]
x=A\B
